0
1801730
1801733
1801744
1801745
1801746
1801747
1801748
1801749
1801750
1801759
1801764
1801765
1801767
1801768
1801770
1801772
1801781
1801783
1801272
1801784
1801788
1801790
1801791
1801792
1801794
1801795
1801395
1800890
1800893
1801412
1801416
1801417
1801454
1801455
1801499
1801500
1801527
1801531
1801537
1801538
1801604
1801605
1801607
1801608
1801609
1801610
1801611
1801612
1801614
1801618
1801625
1801626
1801631
1801632
1801633
1801634
1801636
1801637
1801638
1801639
1801641
1801642
1801648
1801138
1801653
1801654
1801655
1801656
1801657
1801663
1801152
1801667
1801673
1801674
1801675
1801676
1801677
1801678
1801679
1801683
1801684
1801685
1801174
1801696
1801698
1801699
1801193
1801194
1801200
